0.5142300877,0.6128355545,-0.0000000000
0.5034552277,0.6217176479,-0.0010000000
0.4925269797,0.6304103221,-0.0020000000
0.4814486732,0.6389109289,-0.0030000000
0.4702236834,0.6472168783,-0.0040000000
0.4588554303,0.6553256397,-0.0050000000
0.4473473774,0.6632347427,-0.0060000000
0.4357030309,0.6709417775,-0.0070000000
0.4239259386,0.6784443961,-0.0080000000
0.4120196884,0.6857403126,-0.0090000000
0.3999879079,0.6928273042,-0.0100000000
0.3878342629,0.6997032117,-0.0110000000
0.3755624562,0.7063659402,-0.0120000000
0.3631762267,0.7128134597,-0.0130000000
0.3506793480,0.7190438060,-0.0140000000
0.3380756276,0.7250550807,-0.0150000000
0.3253689055,0.7308454524,-0.0160000000
0.3125630531,0.7364131570,-0.0170000000
0.2996619719,0.7417564982,-0.0180000000
0.2866695925,0.7468738479,-0.0190000000
0.2735898733,0.7517636472,-0.0200000000
0.2604267993,0.7564244061,-0.0210000000
0.2471843810,0.7608547048,-0.0220000000
0.2338666528,0.7650531934,-0.0230000000
0.2204776723,0.7690185928,-0.0240000000
0.2070215187,0.7727496948,-0.0250000000
0.1935022918,0.7762453627,-0.0260000000
0.1799241104,0.7795045314,-0.0270000000
0.1662911114,0.7825262080,-0.0280000000
0.1526074484,0.7853094719,-0.0290000000
0.1388772904,0.7878534751,-0.0300000000
0.1251048206,0.7901574425,-0.0310000000
0.1112942350,0.7922206721,-0.0320000000
0.0974497413,0.7940425353,-0.0330000000
0.0835755576,0.7956224772,-0.0340000000
0.0696759108,0.7969600162,-0.0350000000
0.0557550358,0.7980547450,-0.0360000000
0.0418171740,0.7989063299,-0.0370000000
0.0278665716,0.7995145116,-0.0380000000
0.0139074791,0.7998791046,-0.0390000000
-0.0000558505,0.7999999981,-0.0400000000
-0.0140191632,0.7998771550,-0.0410000000
-0.0279782046,0.7995106129,-0.0420000000
-0.0419287219,0.7989004833,-0.0430000000
-0.0558664648,0.7980469523,-0.0440000000
-0.0697871867,0.7969502799,-0.0450000000
-0.0836866466,0.7956108001,-0.0460000000
-0.0975606096,0.7940289210,-0.0470000000
-0.1114048488,0.7922051247,-0.0480000000
-0.1252151462,0.7901399668,-0.0490000000
-0.1389872942,0.7878340765,-0.0500000000
-0.1527170968,0.7852881562,-0.0510000000
-0.1664003711,0.7825029818,-0.0520000000
-0.1800329480,0.7794794017,-0.0530000000
-0.1936106742,0.7762183371,-0.0540000000
-0.2071294129,0.7727207816,-0.0550000000
-0.2205850454,0.7689878008,-0.0560000000
-0.2339734721,0.7650205320,-0.0570000000
-0.2472906139,0.7608201839,-0.0580000000
-0.2605324136,0.7563880363,-0.0590000000
-0.2736948367,0.7517254395,-0.0600000000
-0.2867738730,0.7468338140,-0.0610000000
-0.2997655377,0.7417146502,-0.0620000000
-0.3126658727,0.7363695078,-0.0630000000
-0.3254709476,0.7308000152,-0.0640000000
-0.3381768611,0.7250078693,-0.0650000000
-0.3507797420,0.7189948349,-0.0660000000
-0.3632757507,0.7127627438,-0.0670000000
-0.3756610798,0.7063134949,-0.0680000000
-0.3879319561,0.6996490530,-0.0690000000
-0.4000846410,0.6927714486,-0.0700000000
-0.4121154318,0.6856827772,-0.0710000000
-0.4240206631,0.6783851983,-0.0720000000
-0.4357967078,0.6708809354,-0.0730000000
-0.4474399781,0.6631722747,-0.0740000000
-0.4589469266,0.6552615650,-0.0750000000
-0.4703140474,0.6471512164,-0.0760000000
-0.4815378773,0.6388436998,-0.0770000000
-0.4926149968,0.6303415462,-0.0780000000
-0.5035420310,0.6216473462,-0.0790000000
-0.5143156507,0.6127637485,-0.0800000000
-0.5249325736,0.6036934596,-0.0810000000
-0.5353895649,0.5944392431,-0.0820000000
-0.5456834388,0.5850039185,-0.0830000000
-0.5558110590,0.5753903603,-0.0840000000
-0.5657693398,0.5656014976,-0.0850000000
-0.5755552474,0.5556403128,-0.0860000000
-0.5851658002,0.5455098406,-0.0870000000
-0.5945980702,0.5352131677,-0.0880000000
-0.6038491837,0.5247534310,-0.0890000000
-0.6129163220,0.5141338174,-0.0900000000
-0.6217967228,0.5033575623,-0.0910000000
-0.6304876803,0.4924279490,-0.0920000000
-0.6389865468,0.4813483074,-0.0930000000
-0.6472907329,0.4701220130,-0.0940000000
-0.6553977085,0.4587524863,-0.0950000000
-0.6633050037,0.4472431912,-0.0960000000
-0.6710102093,0.4355976343,-0.0970000000
-0.6785109779,0.4238193635,-0.0980000000
-0.6858050241,0.4119119675,-0.0990000000
-0.6928901256,0.3998790740,-0.1000000000
-0.6997641240,0.3877243490,-0.1010000000
-0.7064249247,0.3754514959,-0.1020000000
-0.7128704985,0.3630642537,-0.1030000000
-0.7190988817,0.3505663965,-0.1040000000
-0.7251081765,0.3379617321,-0.1050000000
-0.7308965522,0.3252541006,-0.1060000000
-0.7364622452,0.3124473737,-0.1070000000
-0.7418035598,0.2995454534,-0.1080000000
-0.7469188687,0.2865522703,-0.1090000000
-0.7518066133,0.2734717832,-0.1100000000
-0.7564653045,0.2603079773,-0.1110000000
-0.7608935230,0.2470648631,-0.1120000000
-0.7650899196,0.2337464756,-0.1130000000
-0.7690532158,0.2203568724,-0.1140000000
-0.7727822041,0.2069001329,-0.1150000000
-0.7762757484,0.1933803571,-0.1160000000
-0.7795327842,0.1798016639,-0.1170000000
-0.7825523193,0.1661681904,-0.1180000000
-0.7853334338,0.1524840904,-0.1190000000
-0.7878752802,0.1387535330,-0.1200000000
-0.7901770841,0.1249807014,-0.1210000000
-0.7922381444,0.1111697919,-0.1220000000
-0.7940578329,0.0973250122,-0.1230000000
-0.7956355954,0.0834505805,-0.1240000000
-0.7969709511,0.0695507238,-0.1250000000
-0.7980634931,0.0556296770,-0.1260000000
-0.7989128887,0.0416916815,-0.1270000000
-0.7995188790,0.0277409838,-0.1280000000
-0.7998812793,0.0137818343,-0.1290000000
-0.7999999794,-0.0001815142,-0.1300000000
-0.7998749430,-0.0141448074,-0.1310000000
-0.7995062082,-0.0281037911,-0.1320000000
-0.7988938873,-0.0420542124,-0.1330000000
-0.7980381670,-0.0559918210,-0.1340000000
-0.7969393079,-0.0699123705,-0.1350000000
-0.7955976448,-0.0838116198,-0.1360000000
-0.7940135865,-0.0976853342,-0.1370000000
-0.7921876155,-0.1115292867,-0.1380000000
-0.7901202883,-0.1253392595,-0.1390000000
-0.7878122347,-0.1391110451,-0.1400000000
-0.7852641578,-0.1528404477,-0.1410000000
-0.7824768340,-0.1665232843,-0.1420000000
-0.7794511125,-0.1801553861,-0.1430000000
-0.7761879152,-0.1937325999,-0.1440000000
-0.7726882363,-0.2072507890,-0.1450000000
-0.7689531419,-0.2207058350,-0.1460000000
-0.7649837701,-0.2340936383,-0.1470000000
-0.7607813302,-0.2474101202,-0.1480000000
-0.7563471026,-0.2606512235,-0.1490000000
-0.7516824383,-0.2738129140,-0.1500000000
-0.7467887585,-0.2868911818,-0.1510000000
-0.7416675540,-0.2998820423,-0.1520000000
-0.7363203853,-0.3127815375,-0.1530000000
-0.7307488813,-0.3255857374,-0.1540000000
-0.7249547397,-0.3382907409,-0.1550000000
-0.7189397257,-0.3508926771,-0.1560000000
-0.7127056718,-0.3633877067,-0.1570000000
-0.7062544775,-0.3757720227,-0.1580000000
-0.6995881082,-0.3880418520,-0.1590000000
-0.6927085949,-0.4001934563,-0.1600000000
-0.6856180338,-0.4122231335,-0.1610000000
-0.6783185849,-0.4241272184,-0.1620000000
-0.6708124723,-0.4359020842,-0.1630000000
-0.6631019829,-0.4475441434,-0.1640000000
-0.6551894657,-0.4590498491,-0.1650000000
-0.6470773316,-0.4704156958,-0.1660000000
-0.6387680521,-0.4816382207,-0.1670000000
-0.6302641587,-0.4927140045,-0.1680000000
-0.6215682423,-0.5036396729,-0.1690000000
-0.6126829524,-0.5144118971,-0.1700000000
-0.6036109960,-0.5250273951,-0.1710000000
-0.5943551370,-0.5354829326,-0.1720000000
-0.5849181955,-0.5457753243,-0.1730000000
-0.5753030466,-0.5559014342,-0.1740000000
-0.5655126198,-0.5658581773,-0.1750000000
-0.5555498979,-0.5756425201,-0.1760000000
-0.5454179163,-0.5852514815,-0.1770000000
-0.5351197618,-0.5946821340,-0.1780000000
-0.5246585721,-0.6039316043,-0.1790000000
-0.5140375344,-0.6129970744,-0.1800000000
-0.5032598845,-0.6218757823,-0.1810000000
-0.4923289062,-0.6305650229,-0.1820000000
-0.4812479297,-0.6390621489,-0.1830000000
-0.4700203310,-0.6473645715,-0.1840000000
-0.4586495310,-0.6554697611,-0.1850000000
-0.4471389940,-0.6633752483,-0.1860000000
-0.4354922269,-0.6710786246,-0.1870000000
-0.4237127780,-0.6785775429,-0.1880000000
-0.4118042364,-0.6858697186,-0.1890000000
-0.3997702301,-0.6929529300,-0.1900000000
-0.3876144255,-0.6998250189,-0.1910000000
-0.3753405263,-0.7064838918,-0.1920000000
-0.3629522718,-0.7129275197,-0.1930000000
-0.3504534364,-0.7191539396,-0.1940000000
-0.3378478282,-0.7251612545,-0.1950000000
-0.3251392876,-0.7309476340,-0.1960000000
-0.3123316867,-0.7365113153,-0.1970000000
-0.2994289275,-0.7418506032,-0.1980000000
-0.2864349410,-0.7469638710,-0.1990000000
-0.2733536863,-0.7518495609,-0.2000000000
-0.2601891488,-0.7565061843,-0.2010000000
-0.2469453392,-0.7609323225,-0.2020000000
-0.2336262927,-0.7651266270,-0.2030000000
-0.2202360671,-0.7690878199,-0.2040000000
-0.2067787420,-0.7728146944,-0.2050000000
-0.1932584176,-0.7763061149,-0.2060000000
-0.1796792129,-0.7795610178,-0.2070000000
-0.1660452653,-0.7825784113,-0.2080000000
-0.1523607286,-0.7853573762,-0.2090000000
-0.1386297721,-0.7878970658,-0.2100000000
-0.1248565791,-0.7901967063,-0.2110000000
-0.1110453460,-0.7922555971,-0.2120000000
-0.0972002807,-0.7940731109,-0.2130000000
-0.0833256013,-0.7956486939,-0.2140000000
-0.0694255350,-0.7969818662,-0.2150000000
-0.0555043168,-0.7980722216,-0.2160000000
-0.0415661881,-0.7989194277,-0.2170000000
-0.0276153954,-0.7995232266,-0.2180000000
-0.0136561890,-0.7998834343,-0.2190000000
0.0003071779,-0.7999999410,-0.2200000000
0.0142704513,-0.7998727113,-0.2210000000
0.0282293769,-0.7995017838,-0.2220000000
0.0421797018,-0.7988872716,-0.2230000000
0.0561171758,-0.7980293620,-0.2240000000
0.0700375526,-0.7969283162,-0.2250000000
0.0839365910,-0.7955844699,-0.2260000000
0.0978100563,-0.7939982323,-0.2270000000
0.1116537219,-0.7921700868,-0.2280000000
0.1254633698,-0.7901005903,-0.2290000000
0.1392347927,-0.7877903735,-0.2300000000
0.1529637948,-0.7852401400,-0.2310000000
0.1666461934,-0.7824506670,-0.2320000000
0.1802778198,-0.7794228042,-0.2330000000
0.1938545208,-0.7761574742,-0.2340000000
0.2073721601,-0.7726556718,-0.2350000000
0.2208266191,-0.7689184640,-0.2360000000
0.2342137988,-0.7649469893,-0.2370000000
0.2475296204,-0.7607424577,-0.2380000000
0.2607700270,-0.7563061503,-0.2390000000
0.2739309847,-0.7516394186,-0.2400000000
0.2870084836,-0.7467436845,-0.2410000000
0.2999985395,-0.7416204395,-0.2420000000
0.3128971946,-0.7362712446,-0.2430000000
0.3257005192,-0.7306977294,-0.2440000000
0.3384046123,-0.7249015922,-0.2450000000
0.3510056036,-0.7188845987,-0.2460000000
0.3634996537,-0.7126485822,-0.2470000000
0.3758829562,-0.7061954426,-0.2480000000
0.3881517382,-0.6995271461,-0.2490000000
0.4003022618,-0.6926457242,-0.2500000000
0.4123308250,-0.6855532734,-0.2510000000
0.4242337632,-0.6782519548,-0.2520000000
0.4360074498,-0.6707439927,-0.2530000000
0.4476482977,-0.6630316746,-0.2540000000
0.4591527604,-0.6551173503,-0.2550000000
0.4705173327,-0.6470034309,-0.2560000000
0.4817385522,-0.6386923887,-0.2570000000
0.4928130001,-0.6301867556,-0.2580000000
0.5037373024,-0.6214891231,-0.2590000000
0.5145081307,-0.6126021412,-0.2600000000
0.5251222036,-0.6035285174,-0.2610000000
0.5355762871,-0.5942710162,-0.2620000000
0.5458671963,-0.5848324581,-0.2630000000
0.5559917958,-0.5752157187,-0.2640000000
0.5659470009,-0.5654237280,-0.2650000000
0.5757297786,-0.5554594693,-0.2660000000
0.5853371483,-0.5453259785,-0.2670000000
0.5947661831,-0.5350263428,-0.2680000000
0.6040140100,-0.5245637003,-0.2690000000
0.6130778117,-0.5139412387,-0.2700000000
0.6219548265,-0.5031621943,-0.2710000000
0.6306423500,-0.4922298512,-0.2720000000
0.6391377353,-0.4811475401,-0.2730000000
0.6474383941,-0.4699186375,-0.2740000000
0.6555417975,-0.4585465644,-0.2750000000
0.6634454765,-0.4470347858,-0.2760000000
0.6711470232,-0.4353868087,-0.2770000000
0.6786440912,-0.4236061821,-0.2780000000
0.6859343962,-0.4116964952,-0.2790000000
0.6930157172,-0.3996613764,-0.2800000000
0.6998858966,-0.3875044925,-0.2810000000
0.7065428414,-0.3752295474,-0.2820000000
0.7129845234,-0.3628402809,-0.2830000000
0.7192089799,-0.3503404676,-0.2840000000
0.7252143146,-0.3377339159,-0.2850000000
0.7309986977,-0.3250244666,-0.2860000000
0.7365603671,-0.3122159919,-0.2870000000
0.7418976282,-0.2993123941,-0.2880000000
0.7470088549,-0.2863176047,-0.2890000000
0.7518924899,-0.2732355827,-0.2900000000
0.7565470454,-0.2600703138,-0.2910000000
0.7609711032,-0.2468258092,-0.2920000000
0.7651633155,-0.2335061040,-0.2930000000
0.7691224050,-0.2201152563,-0.2940000000
0.7728471656,-0.2066573460,-0.2950000000
0.7763364623,-0.1931364733,-0.2960000000
0.7795892321,-0.1795567576,-0.2970000000
0.7826044840,-0.1659223362,-0.2980000000
0.7853812993,-0.1522373631,-0.2990000000
0.7879188320,-0.1385060078,-0.3000000000
0.7902163090,-0.1247324538,-0.3010000000
0.7922730303,-0.1109208975,-0.3020000000
0.7940883693,-0.0970755468,-0.3030000000
0.7956617729,-0.0832006200,-0.3040000000
0.7969927617,-0.0693003445,-0.3050000000
0.7980809303,-0.0553789552,-0.3060000000
0.7989259471,-0.0414406936,-0.3070000000
0.7995275546,-0.0274898062,-0.3080000000
0.7998855696,-0.0135305435,-0.3090000000
0.7999998829,0.0004328416,-0.3100000000
0.7998704598,0.0143960949,-0.3110000000
0.7994973397,0.0283549620,-0.3120000000
0.7988806362,0.0423051902,-0.3130000000
0.7980205373,0.0562425293,-0.3140000000
0.7969173049,0.0701627330,-0.3150000000
0.7955712753,0.0840615601,-0.3160000000
0.7939828585,0.0979347761,-0.3170000000
0.7921525385,0.1117781543,-0.3180000000
0.7900808728,0.1255874769,-0.3190000000
0.7877684928,0.1393585368,-0.3200000000
0.7852161028,0.1530871382,-0.3210000000
0.7824244806,0.1667690984,-0.3220000000
0.7793944766,0.1804002490,-0.3230000000
0.7761270140,0.1939764370,-0.3240000000
0.7726230884,0.2074935260,-0.3250000000
0.7688837672,0.2209473978,-0.3260000000
0.7649101897,0.2343339535,-0.3270000000
0.7607035665,0.2476491145,-0.3280000000
0.7562651793,0.2608888241,-0.3290000000
0.7515963804,0.2740490485,-0.3300000000
0.7466985921,0.2871257783,-0.3310000000
0.7415733067,0.3001150292,-0.3320000000
0.7362220857,0.3130128440,-0.3330000000
0.7306465595,0.3258152929,-0.3340000000
0.7248484268,0.3385184755,-0.3350000000
0.7188294540,0.3511185214,-0.3360000000
0.7125914750,0.3636115918,-0.3370000000
0.7061363904,0.3759938805,-0.3380000000
0.6994661667,0.3882616149,-0.3390000000
0.6925828363,0.4004110574,-0.3400000000
0.6854884962,0.4124385064,-0.3410000000
0.6781853079,0.4243402975,-0.3420000000
0.6706754965,0.4361128046,-0.3430000000
0.6629613500,0.4477524410,-0.3440000000
0.6550452186,0.4592556603,-0.3450000000
0.6469295143,0.4706189580,-0.3460000000
0.6386167095,0.4818388718,-0.3470000000
0.6301093369,0.4929119835,-0.3480000000
0.6214099886,0.5038349195,-0.3490000000
0.6125213149,0.5146043517,-0.3500000000
0.6034460239,0.5252169991,-0.3510000000
0.5941868807,0.5356696284,-0.3520000000
0.5847467063,0.5459590548,-0.3530000000
0.5751283766,0.5560821436,-0.3540000000
0.5653348223,0.5660358104,-0.3550000000
0.5553690270,0.5758170228,-0.3560000000
0.5452340272,0.5854228007,-0.3570000000
0.5349329105,0.5948502175,-0.3580000000
0.5244688156,0.6040964008,-0.3590000000
0.5138449303,0.6131585338,-0.3600000000
0.5030644917,0.6220338554,-0.3610000000
0.4921307840,0.6307196615,-0.3620000000
0.4810471386,0.6392133059,-0.3630000000
0.4698169323,0.6475122008,-0.3640000000
0.4584435865,0.6556138177,-0.3650000000
0.4469305665,0.6635156884,-0.3660000000
0.4352813798,0.6712154054,-0.3670000000
0.4234995757,0.6787106227,-0.3680000000
0.4115887437,0.6859990569,-0.3690000000
0.3995525128,0.6930784873,-0.3700000000
0.3873945499,0.6999467570,-0.3710000000
0.3751185593,0.7066017736,-0.3720000000
0.3627282811,0.7130415094,-0.3730000000
0.3502274902,0.7192640024,-0.3740000000
0.3376199954,0.7252673567,-0.3750000000
0.3249096376,0.7310497434,-0.3760000000
0.3121002894,0.7366094008,-0.3770000000
0.2991958534,0.7419446349,-0.3780000000
0.2862002613,0.7470538203,-0.3790000000
0.2731174723,0.7519354004,-0.3800000000
0.2599514725,0.7565878878,-0.3810000000
0.2467062731,0.7610098651,-0.3820000000
0.2333859095,0.7651999851,-0.3830000000
0.2199944402,0.7691569712,-0.3840000000
0.2065359449,0.7728796177,-0.3850000000
0.1930145243,0.7763667905,-0.3860000000
0.1794342978,0.7796174272,-0.3870000000
0.1657994029,0.7826305374,-0.3880000000
0.1521139938,0.7854052030,-0.3890000000
0.1383822401,0.7879405787,-0.3900000000
0.1246083254,0.7902358922,-0.3910000000
0.1107964461,0.7922904439,-0.3920000000
0.0969508105,0.7941036081,-0.3930000000
0.0830756368,0.7956748322,-0.3940000000
0.0691751523,0.7970036376,-0.3950000000
0.0552535923,0.7980896194,-0.3960000000
0.0413151981,0.7989324467,-0.3970000000
0.0273642164,0.7995318628,-0.3980000000
0.0134048976,0.7998876851,-0.3990000000
-0.0005585053,0.7999998050,-0.4000000000
-0.0145217380,0.7998681886,-0.4010000000
-0.0284805464,0.7994928758,-0.4020000000
-0.0424306776,0.7988739811,-0.4030000000
-0.0563678814,0.7980116929,-0.4040000000
-0.0702879116,0.7969062740,-0.4050000000
-0.0841865271,0.7955580611,-0.4060000000
-0.0980594934,0.7939674652,-0.4070000000
-0.1119025839,0.7921349706,-0.4080000000
-0.1257115810,0.7900611359,-0.4090000000
-0.1394822774,0.7877465927,-0.4100000000
-0.1532104777,0.7851920463,-0.4110000000
-0.1668919993,0.7823982749,-0.4120000000
-0.1805226738,0.7793661298,-0.4130000000
-0.1940983483,0.7760965347,-0.4140000000
-0.2076148868,0.7725904858,-0.4150000000
-0.2210681711,0.7688490513,-0.4160000000
-0.2344541024,0.7648733711,-0.4170000000
-0.2477686025,0.7606646565,-0.4180000000
-0.2610076147,0.7562241897,-0.4190000000
-0.2741671056,0.7515533236,-0.4200000000
-0.2872430659,0.7466534813,-0.4210000000
-0.3002315116,0.7415261556,-0.4220000000
-0.3131284856,0.7361729087,-0.4230000000
-0.3259300586,0.7305953716,-0.4240000000
-0.3386323302,0.7247952435,-0.4250000000
-0.3512314305,0.7187742916,-0.4260000000
-0.3637235210,0.7125343503,-0.4270000000
-0.3761047955,0.7060773207,-0.4280000000
-0.3883714820,0.6994051701,-0.4290000000
-0.4005198431,0.6925199313,-0.4300000000
-0.4125461776,0.6854237021,-0.4310000000
-0.4244468214,0.6781186443,-0.4320000000
-0.4362181487,0.6706069838,-0.4330000000
-0.4478565732,0.6628910090,-0.4340000000
-0.4593585489,0.6549730708,-0.4350000000
-0.4707205716,0.6468555816,-0.4360000000
-0.4819391796,0.6385410145,-0.4370000000
-0.4930109548,0.6300319027,-0.4380000000
-0.5039325241,0.6213308387,-0.4390000000
-0.5147005600,0.6124404735,-0.4400000000
-0.5253117817,0.6033635156,-0.4410000000
-0.5357629564,0.5941027306,-0.4420000000
-0.5460508999,0.5846609400,-0.4430000000
-0.5561724777,0.5750410204,-0.4440000000
-0.5661246060,0.5652459026,-0.4450000000
-0.5759042529,0.5552785711,-0.4460000000
-0.5855084387,0.5451420625,-0.4470000000
-0.5949342372,0.5348394651,-0.4480000000
-0.6041787768,0.5243739178,-0.4490000000
-0.6132392408,0.5137486093,-0.4500000000
-0.6221128689,0.5029667766,-0.4510000000
-0.6307969574,0.4920317048,-0.4520000000
-0.6392888607,0.4809467253,-0.4530000000
-0.6475859915,0.4697152155,-0.4540000000
-0.6556858218,0.4583405973,-0.4550000000
-0.6635858839,0.4468263362,-0.4560000000
-0.6712837709,0.4351759402,-0.4570000000
-0.6787771375,0.4233929589,-0.4580000000
-0.6860637006,0.4114809822,-0.4590000000
-0.6931412403,0.3994436393,-0.4600000000
-0.7000076002,0.3872845978,-0.4610000000
-0.7066606884,0.3750075619,-0.4620000000
-0.7130984778,0.3626162723,-0.4630000000
-0.7193190071,0.3501145042,-0.4640000000
-0.7253203810,0.3375060665,-0.4650000000
-0.7311007711,0.3247948006,-0.4660000000
-0.7366584163,0.3119845792,-0.4670000000
-0.7419916233,0.2990793054,-0.4680000000
-0.7470987673,0.2860829108,-0.4690000000
-0.7519782923,0.2729993552,-0.4700000000
-0.7566287115,0.2598326247,-0.4710000000
-0.7610486083,0.2465867309,-0.4720000000
-0.7652366359,0.2332657093,-0.4730000000
-0.7691915183,0.2198736185,-0.4740000000
-0.7729120508,0.2064145387,-0.4750000000
-0.7763970996,0.1928925705,-0.4760000000
-0.7796456031,0.1793118335,-0.4770000000
-0.7826565714,0.1656764655,-0.4780000000
-0.7854290873,0.1519906208,-0.4790000000
-0.7879623061,0.1382584690,-0.4800000000
-0.7902554558,0.1244841939,-0.4810000000
-0.7923078380,0.1106719921,-0.4820000000
-0.7941188273,0.0968260718,-0.4830000000
-0.7956878719,0.0829506514,-0.4840000000
-0.7970144937,0.0690499585,-0.4850000000
-0.7980982887,0.0551282280,-0.4860000000
-0.7989389266,0.0411897016,-0.4870000000
-0.7995361513,0.0272386259,-0.4880000000
-0.7998897808,0.0132792513,-0.4890000000
-0.7999997074,-0.0006841690,-0.4900000000
-0.7998658977,-0.0146473809,-0.4910000000
-0.7994883922,-0.0286061301,-0.4920000000
-0.7988673062,-0.0425561639,-0.4930000000
-0.7980028288,-0.0564932321,-0.4940000000
-0.7968952233,-0.0704130884,-0.4950000000
-0.7955448273,-0.0843114920,-0.4960000000
-0.7939520522,-0.0981842083,-0.4970000000
-0.7921173833,-0.1120270108,-0.4980000000
-0.7900413794,-0.1258356820,-0.4990000000
-0.7877246731,-0.1396060147,-0.5000000000
-0.7851679703,-0.1533338135,-0.5010000000
-0.7823720499,-0.1670148961,-0.5020000000
-0.7793377637,-0.1806450941,-0.5030000000
-0.7760660362,-0.1942202549,-0.5040000000
-0.7725578642,-0.2077362424,-0.5050000000
-0.7688143165,-0.2211889389,-0.5060000000
-0.7648365337,-0.2345742456,-0.5070000000
-0.7606257277,-0.2478880843,-0.5080000000
-0.7561831814,-0.2611263989,-0.5090000000
-0.7515102482,-0.2742851560,-0.5100000000
-0.7466083520,-0.2873603464,-0.5110000000
-0.7414789862,-0.3003479865,-0.5120000000
-0.7361237135,-0.3132441195,-0.5130000000
-0.7305441656,-0.3260448162,-0.5140000000
-0.7247420423,-0.3387461766,-0.5150000000
-0.7187191114,-0.3513443310,-0.5160000000
-0.7124772079,-0.3638354411,-0.5170000000
-0.7060182336,-0.3762157012,-0.5180000000
-0.6993441562,-0.3884813395,-0.5190000000
-0.6924570093,-0.4006286190,-0.5200000000
-0.6853588910,-0.4126538386,-0.5210000000
-0.6780519640,-0.4245533348,-0.5220000000
-0.6705384545,-0.4363234820,-0.5230000000
-0.6628206517,-0.4479606943,-0.5240000000
-0.6549009069,-0.4594614262,-0.5250000000
-0.6467816330,-0.4708221736,-0.5260000000
-0.6384653038,-0.4820394754,-0.5270000000
-0.6299544530,-0.4931099139,-0.5280000000
-0.6212516735,-0.5040301163,-0.5290000000
-0.6123596169,-0.5147967556,-0.5300000000
-0.6032809924,-0.5254065514,-0.5310000000
-0.5940185658,-0.5358562712,-0.5320000000
-0.5845751593,-0.5461427315,-0.5330000000
-0.5749536499,-0.5562627980,-0.5340000000
-0.5651569690,-0.5662133877,-0.5350000000
-0.5551881014,-0.5759914687,-0.5360000000
-0.5450500843,-0.5855940621,-0.5370000000
-0.5347460064,-0.5950182422,-0.5380000000
-0.5242790072,-0.6042611378,-0.5390000000
-0.5136522755,-0.6133199327,-0.5400000000
-0.5028690491,-0.6221918670,-0.5410000000
-0.4919326133,-0.6308742378,-0.5420000000
-0.4808463001,-0.6393643998,-0.5430000000
-0.4696134871,-0.6476597662,-0.5440000000
-0.4582375967,-0.6557578097,-0.5450000000
-0.4467220948,-0.6636560630,-0.5460000000
-0.4350704898,-0.6713521199,-0.5470000000
-0.4232863316,-0.6788436355,-0.5480000000
-0.4113732105,-0.6861283274,-0.5490000000
-0.3993347560,-0.6932039762,-0.5500000000
-0.3871746360,-0.7000684261,-0.5510000000
-0.3748965553,-0.7067195857,-0.5520000000
-0.3625042546,-0.7131554286,-0.5530000000
-0.3500015095,-0.7193739941,-0.5540000000
-0.3373921292,-0.7253733874,-0.5550000000
-0.3246799555,-0.7311517807,-0.5560000000
-0.3118688613,-0.7367074136,-0.5570000000
-0.2989627499,-0.7420385935,-0.5580000000
-0.2859655533,-0.7471436959,-0.5590000000
-0.2728812314,-0.7520211656,-0.5600000000
-0.2597137706,-0.7566695166,-0.5610000000
-0.2464671826,-0.7610873326,-0.5620000000
-0.2331455034,-0.7652732677,-0.5630000000
-0.2197527915,-0.7692260465,-0.5640000000
-0.2062931274,-0.7729444647,-0.5650000000
-0.1927706119,-0.7764273895,-0.5660000000
-0.1791893649,-0.7796737597,-0.5670000000
-0.1655535241,-0.7826825862,-0.5680000000
-0.1518672440,-0.7854529523,-0.5690000000
-0.1381346944,-0.7879840139,-0.5700000000
-0.1243600593,-0.7902750000,-0.5710000000
-0.1105475353,-0.7923252126,-0.5720000000
-0.0967013307,-0.7941340269,-0.5730000000
-0.0828256640,-0.7957008919,-0.5740000000
-0.0689247629,-0.7970253303,-0.5750000000
-0.0550028623,-0.7981069384,-0.5760000000
-0.0410642040,-0.7989453868,-0.5770000000
-0.0271130347,-0.7995404201,-0.5780000000
-0.0131536048,-0.7998918569,-0.5790000000
0.0008098326,-0.7999995901,-0.5800000000
0.0147730233,-0.7998635870,-0.5810000000
0.0287317131,-0.7994838889,-0.5820000000
0.0426816492,-0.7988606116,-0.5830000000
0.0566185814,-0.7979939450,-0.5840000000
0.0705382636,-0.7968841530,-0.5850000000
0.0844364548,-0.7955315739,-0.5860000000
0.0983089208,-0.7939366197,-0.5870000000
0.1121514349,-0.7920997763,-0.5880000000
0.1259597798,-0.7900216034,-0.5890000000
0.1397297484,-0.7877027342,-0.5900000000
0.1534571455,-0.7851438750,-0.5910000000
0.1671377887,-0.7823458056,-0.5920000000
0.1807675100,-0.7793093785,-0.5930000000
0.1943421566,-0.7760355186,-0.5940000000
0.2078575930,-0.7725252236,-0.5950000000
0.2213097012,-0.7687795628,-0.5960000000
0.2346943829,-0.7647996775,-0.5970000000
0.2480075601,-0.7605867801,-0.5980000000
0.2612451767,-0.7561421544,-0.5990000000
0.2744031995,-0.7514671544,-0.6000000000
0.2874776198,-0.7465632044,-0.6010000000
0.3004644541,-0.7414317985,-0.6020000000
0.3133597457,-0.7360745002,-0.6030000000
0.3261595658,-0.7304929416,-0.6040000000
0.3388600146,-0.7246888232,-0.6050000000
0.3514572228,-0.7186639135,-0.6060000000
0.3639473523,-0.7124200480,-0.6070000000
0.3763265977,-0.7059591290,-0.6080000000
0.3885911875,-0.6992831251,-0.6090000000
0.4007373849,-0.6923940701,-0.6100000000
0.4127614895,-0.6852940630,-0.6110000000
0.4246598377,-0.6779852670,-0.6120000000
0.4364288046,-0.6704699087,-0.6130000000
0.4480648044,-0.6627502780,-0.6140000000
0.4595642921,-0.6548287268,-0.6150000000
0.4709237640,-0.6467076685,-0.6160000000
0.4821397593,-0.6383895773,-0.6170000000
0.4932088608,-0.6298769877,-0.6180000000
0.5041276961,-0.6211724930,-0.6190000000
0.5148929384,-0.6122787453,-0.6200000000
0.5255013080,-0.6031984543,-0.6210000000
0.5359495729,-0.5939343864,-0.6220000000
0.5462345496,-0.5844893642,-0.6230000000
0.5563531047,-0.5748662652,-0.6240000000
0.5663021553,-0.5650680214,-0.6250000000
0.5760786704,-0.5550976180,-0.6260000000
0.5856796712,-0.5449580927,-0.6270000000
0.5951022326,-0.5346525346,-0.6280000000
0.6043434839,-0.5241840836,-0.6290000000
0.6134006094,-0.5135559291,-0.6300000000
0.6222708498,-0.5027713093,-0.6310000000
0.6309515026,-0.4918335098,-0.6320000000
0.6394399230,-0.4807458630,-0.6330000000
0.6477335249,-0.4695117472,-0.6340000000
0.6558297814,-0.4581345849,-0.6350000000
0.6637262258,-0.4466178425,-0.6360000000
0.6714204523,-0.4349650287,-0.6370000000
0.6789101168,-0.4231796939,-0.6380000000
0.6861929373,-0.4112654286,-0.6390000000
0.6932666950,-0.3992258629,-0.6400000000
0.7001292347,-0.3870646648,-0.6410000000
0.7067784656,-0.3747855394,-0.6420000000
0.7132123619,-0.3623922279,-0.6430000000
0.7194289633,-0.3498885062,-0.6440000000
0.7254263759,-0.3372781837,-0.6450000000
0.7312027723,-0.3245651025,-0.6460000000
0.7367563928,-0.3117531358,-0.6470000000
0.7420855453,-0.2988461871,-0.6480000000
0.7471886061,-0.2858481887,-0.6490000000
0.7520640204,-0.2727631008,-0.6500000000
0.7567103030,-0.2595949100,-0.6510000000
0.7611260382,-0.2463476283,-0.6520000000
0.7653098807,-0.2330252916,-0.6530000000
0.7692605557,-0.2196319591,-0.6540000000
0.7729768597,-0.2061717111,-0.6550000000
0.7764576603,-0.1926486486,-0.6560000000
0.7797018970,-0.1790668918,-0.6570000000
0.7827085816,-0.1654305786,-0.6580000000
0.7854767978,-0.1517438635,-0.6590000000
0.7880057023,-0.1380109165,-0.6600000000
0.7902945247,-0.1242359216,-0.6610000000
0.7923425675,-0.1104230758,-0.6620000000
0.7941492069,-0.0965765872,-0.6630000000
0.7957138923,-0.0827006746,-0.6640000000
0.7970361471,-0.0687995656,-0.6650000000
0.7981155684,-0.0548774953,-0.6660000000
0.7989518273,-0.0409387055,-0.6670000000
0.7995446691,-0.0269874428,-0.6680000000
0.7998939132,-0.0130279579,-0.6690000000
0.7999994530,0.0009354963,-0.6700000000
0.7998612566,0.0148986654,-0.6710000000
0.7994793659,0.0288572954,-0.6720000000
0.7988538974,0.0428071334,-0.6730000000
0.7979850415,0.0567439293,-0.6740000000
0.7968730631,0.0706634370,-0.6750000000
0.7955183009,0.0845614156,-0.6760000000
0.7939211676,0.0984336309,-0.6770000000
0.7920821498,0.1122758563,-0.6780000000
0.7900018080,0.1260838746,-0.6790000000
0.7876807757,0.1398534788,-0.6800000000
0.7851197603,0.1535804737,-0.6810000000
0.7823195420,0.1672606773,-0.6820000000
0.7792809739,0.1808899214,-0.6830000000
0.7760049818,0.1944640536,-0.6840000000
0.7724925638,0.2079789384,-0.6850000000
0.7687447900,0.2214304581,-0.6860000000
0.7647628023,0.2348145145,-0.6870000000
0.7605478138,0.2481270297,-0.6880000000
0.7561011088,0.2613639480,-0.6890000000
0.7514240419,0.2745212363,-0.6900000000
0.7465180383,0.2875948861,-0.6910000000
0.7413845925,0.3005809142,-0.6920000000
0.7360252686,0.3134753641,-0.6930000000
0.7304416995,0.3262743073,-0.6940000000
0.7246355863,0.3389738443,-0.6950000000
0.7186086978,0.3515701059,-0.6960000000
0.7123628705,0.3640592545,-0.6970000000
0.7059000071,0.3764374848,-0.6980000000
0.6992220767,0.3887010258,-0.6990000000
0.6923311139,0.4008461410,-0.7000000000
0.6852292182,0.4128691301,-0.7010000000
0.6779185532,0.4247663301,-0.7020000000
0.6704013464,0.4365341164,-0.7030000000
0.6626798880,0.4481689035,-0.7040000000
0.6547565305,0.4596671467,-0.7050000000
0.6466336880,0.4710253428,-0.7060000000
0.6383138351,0.4822400314,-0.7070000000
0.6297995068,0.4933077956,-0.7080000000
0.6210932971,0.5042252634,-0.7090000000
0.6121978586,0.5149891086,-0.7100000000
0.6031159013,0.5255960518,-0.7110000000
0.5938501923,0.5360428612,-0.7120000000
0.5844035547,0.5463263542,-0.7130000000
0.5747788664,0.5564433976,-0.7140000000
0.5649790599,0.5663909090,-0.7150000000
0.5550071209,0.5761658578,-0.7160000000
0.5448660876,0.5857652658,-0.7170000000
0.5345590496,0.5951862083,-0.7180000000
0.5240891471,0.6044258151,-0.7190000000
0.5134595701,0.6134812710,-0.7200000000
0.5026735570,0.6223498173,-0.7210000000
0.4917343941,0.6310287519,-0.7220000000
0.4806454141,0.6395154305,-0.7230000000
0.4694099956,0.6478072676,-0.7240000000
0.4580315617,0.6559017369,-0.7250000000
0.4465135791,0.6637963722,-0.7260000000
0.4348595568,0.6714887682,-0.7270000000
0.4230730457,0.6789765813,-0.7280000000
0.4111576366,0.6862575303,-0.7290000000
0.3991169599,0.6933293967,-0.7300000000
0.3869546840,0.7001900260,-0.7310000000
0.3746745143,0.7068373281,-0.7320000000
0.3622801923,0.7132692775,-0.7330000000
0.3497754942,0.7194839148,-0.7340000000
0.3371642298,0.7254793464,-0.7350000000
0.3244502414,0.7312537459,-0.7360000000
0.3116374025,0.7368053538,-0.7370000000
0.2987296168,0.7421324788,-0.7380000000
0.2857308171,0.7472334978,-0.7390000000
0.2726449635,0.7521068567,-0.7400000000
0.2594760430,0.7567510708,-0.7410000000
0.2462280678,0.7611647250,-0.7420000000
0.2329050742,0.7653464748,-0.7430000000
0.2195111212,0.7692950459,-0.7440000000
0.2060502896,0.7730092355,-0.7450000000
0.1925266806,0.7764879119,-0.7460000000
0.1789444143,0.7797300152,-0.7470000000
0.1653076289,0.7827345577,-0.7480000000
0.1516204792,0.7855006240,-0.7490000000
0.1378871351,0.7880273713,-0.7500000000
0.1241117809,0.7903140299,-0.7510000000
0.1102986135,0.7923599030,-0.7520000000
0.0964518414,0.7941643673,-0.7530000000
0.0825756832,0.7957268731,-0.7540000000
0.0686743666,0.7970469443,-0.7550000000
0.0547521269,0.7981241787,-0.7560000000
0.0408132059,0.7989582481,-0.7570000000
0.0268618503,0.7995488984,-0.7580000000
0.0129023107,0.7998959497,-0.7590000000
-0.0010611599,0.7999992962,-0.7600000000
-0.0150243071,0.7998589064,-0.7610000000
-0.0289828769,0.7994748231,-0.7620000000
-0.0429326165,0.7988471634,-0.7630000000
-0.0568692758,0.7979761184,-0.7640000000
-0.0707886086,0.7968619535,-0.7650000000
-0.0846863743,0.7955050082,-0.7660000000
-0.0985583385,0.7939056959,-0.7670000000
-0.1124002749,0.7920645038,-0.7680000000
-0.1262079662,0.7899819930,-0.7690000000
-0.1399772057,0.7876587979,-0.7700000000
-0.1537037982,0.7850956263,-0.7710000000
-0.1673835617,0.7822932591,-0.7720000000
-0.1810123283,0.7792525502,-0.7730000000
-0.1945859458,0.7759744259,-0.7740000000
-0.2081002787,0.7724598851,-0.7750000000
-0.2215512095,0.7687099983,-0.7760000000
-0.2349346402,0.7647259083,-0.7770000000
-0.2482464932,0.7605088287,-0.7780000000
-0.2614827129,0.7560600445,-0.7790000000
-0.2746392664,0.7513809110,-0.7800000000
-0.2877121454,0.7464728538,-0.7810000000
-0.3006973669,0.7413373682,-0.7820000000
-0.3135909748,0.7359760190,-0.7830000000
-0.3263890408,0.7303904395,-0.7840000000
-0.3390876656,0.7245823314,-0.7850000000
-0.3516829804,0.7185534645,-0.7860000000
-0.3641711477,0.7123056754,-0.7870000000
-0.3765483627,0.7058408677,-0.7880000000
-0.3888108545,0.6991610111,-0.7890000000
-0.4009548871,0.6922681406,-0.7900000000
-0.4129767606,0.6851643564,-0.7910000000
-0.4248728121,0.6778518227,-0.7920000000
-0.4366394174,0.6703327675,-0.7930000000
-0.4482729915,0.6626094816,-0.7940000000
-0.4597699899,0.6546843181,-0.7950000000
-0.4711269100,0.6465596915,-0.7960000000
-0.4823402916,0.6382380772,-0.7970000000
-0.4934067182,0.6297220105,-0.7980000000
-0.5043228183,0.6210140859,-0.7990000000
-0.5150852661,0.6121169567,-0.8000000000
-0.5256907825,0.6030333334,-0.8010000000
-0.5361361364,0.5937659836,-0.8020000000
-0.5464181454,0.5843177307,-0.8030000000
-0.5565336768,0.5746914534,-0.8040000000
-0.5664796487,0.5648900845,-0.8050000000
-0.5762530310,0.5549166102,-0.8060000000
-0.5858508459,0.5447740691,-0.8070000000
-0.5952701693,0.5344655513,-0.8080000000
-0.6045081313,0.5239941976,-0.8090000000
-0.6135619175,0.5133631983,-0.8100000000
-0.6224287694,0.5025757923,-0.8110000000
-0.6311059855,0.4916352662,-0.8120000000
-0.6395909222,0.4805449533,-0.8130000000
-0.6478809944,0.4693082325,-0.8140000000
-0.6559736762,0.4579285273,-0.8150000000
-0.6638665022,0.4464093047,-0.8160000000
-0.6715570675,0.4347540743,-0.8170000000
-0.6790430291,0.4229663871,-0.8180000000
-0.6863221063,0.4110498345,-0.8190000000
-0.6933920813,0.3990080470,-0.8200000000
-0.7002508001,0.3868446936,-0.8210000000
-0.7068961731,0.3745634799,-0.8220000000
-0.7133261756,0.3621681478,-0.8230000000
-0.7195388485,0.3496624737,-0.8240000000
-0.7255322991,0.3370502676,-0.8250000000
-0.7313047014,0.3243353723,-0.8260000000
-0.7368542966,0.3115216615,-0.8270000000
-0.7421793939,0.2986130393,-0.8280000000
-0.7472783710,0.2856134384,-0.8290000000
-0.7521496744,0.2725268195,-0.8300000000
-0.7567918198,0.2593571696,-0.8310000000
-0.7612033930,0.2461085013,-0.8320000000
-0.7653830500,0.2327848509,-0.8330000000
-0.7693295172,0.2193902779,-0.8340000000
-0.7730415923,0.2059288631,-0.8350000000
-0.7765181443,0.1924047078,-0.8360000000
-0.7797581141,0.1788219324,-0.8370000000
-0.7827605145,0.1651846752,-0.8380000000
-0.7855244308,0.1514970912,-0.8390000000
-0.7880490209,0.1377633504,-0.8400000000
-0.7903335156,0.1239876372,-0.8410000000
-0.7923772189,0.1101741486,-0.8420000000
-0.7941795081,0.0963270931,-0.8430000000
-0.7957398342,0.0824506897,-0.8440000000
-0.7970577218,0.0685491659,-0.8450000000
-0.7981327693,0.0546267572,-0.8460000000
-0.7989646492,0.0406877053,-0.8470000000
-0.7995531080,0.0267362571,-0.8480000000
-0.7998979665,0.0127766632,-0.8490000000
-0.7999991197,-0.0011868235,-0.8500000000
-0.7998565365,-0.0151499485,-0.8510000000
-0.7994702607,-0.0291084578,-0.8520000000
-0.7988404097,-0.0430580986,-0.8530000000
-0.7979671755,-0.0569946209,-0.8540000000
-0.7968508242,-0.0709137785,-0.8550000000
-0.7954916958,-0.0848113309,-0.8560000000
-0.7938902046,-0.0986830437,-0.8570000000
-0.7920468383,-0.1125246907,-0.8580000000
-0.7899621586,-0.1263320547,-0.8590000000
-0.7876368006,-0.1401009291,-0.8600000000
-0.7850714729,-0.1538271188,-0.8610000000
-0.7822669569,-0.1675064419,-0.8620000000
-0.7792241072,-0.1811347308,-0.8630000000
-0.7759438509,-0.1947078332,-0.8640000000
-0.7724271872,-0.2082216138,-0.8650000000
-0.7686751877,-0.2216719555,-0.8660000000
-0.7646889954,-0.2350547602,-0.8670000000
-0.7604698249,-0.2483659506,-0.8680000000
-0.7560189616,-0.2616014713,-0.8690000000
-0.7513377615,-0.2747572896,-0.8700000000
-0.7464276508,-0.2878293975,-0.8710000000
-0.7412901256,-0.3008138122,-0.8720000000
-0.7359267511,-0.3137065778,-0.8730000000
-0.7303391614,-0.3265037662,-0.8740000000
-0.7245290587,-0.3392014785,-0.8750000000
-0.7184982134,-0.3517958461,-0.8760000000
-0.7122484627,-0.3642830319,-0.8770000000
-0.7057817109,-0.3766592313,-0.8780000000
-0.6990999282,-0.3889206737,-0.8790000000
-0.6922051502,-0.4010636234,-0.8800000000
-0.6850994777,-0.4130843808,-0.8810000000
-0.6777850755,-0.4249792836,-0.8820000000
-0.6702641721,-0.4367447076,-0.8830000000
-0.6625390589,-0.4483770684,-0.8840000000
-0.6546120895,-0.4598728218,-0.8850000000
-0.6464856791,-0.4712284655,-0.8860000000
-0.6381623035,-0.4824405398,-0.8870000000
-0.6296444985,-0.4935056286,-0.8880000000
-0.6209348594,-0.5044203607,-0.8890000000
-0.6120360397,-0.5151814108,-0.8900000000
-0.6029507507,-0.5257855003,-0.8910000000
-0.5936817602,-0.5362293983,-0.8920000000
-0.5842318923,-0.5465099230,-0.8930000000
-0.5746040262,-0.5566239422,-0.8940000000
-0.5648010951,-0.5665683745,-0.8950000000
-0.5548260857,-0.5763401900,-0.8960000000
-0.5446820371,-0.5859364116,-0.8970000000
-0.5343720399,-0.5953541156,-0.8980000000
-0.5238992353,-0.6045904327,-0.8990000000
-0.5132668139,-0.6136425488,-0.9000000000
-0.5024780152,-0.6225077061,-0.9010000000
-0.4915361263,-0.6311832036,-0.9020000000
-0.4804444807,-0.6396663982,-0.9030000000
-0.4692064578,-0.6479547052,-0.9040000000
-0.4578254815,-0.6560455994,-0.9050000000
-0.4463050193,-0.6639366158,-0.9060000000
-0.4346485810,-0.6716253502,-0.9070000000
-0.4228597180,-0.6791094602,-0.9080000000
-0.4109420222,-0.6863866654,-0.9090000000
-0.3988991243,-0.6934547488,-0.9100000000
-0.3867346937,-0.7003115569,-0.9110000000
-0.3744524363,-0.7069550006,-0.9120000000
-0.3620560943,-0.7133830560,-0.9130000000
-0.3495494444,-0.7195937645,-0.9140000000
-0.3369362971,-0.7255852339,-0.9150000000
-0.3242204952,-0.7313556388,-0.9160000000
-0.3114059129,-0.7369032212,-0.9170000000
-0.2984964543,-0.7422262908,-0.9180000000
-0.2854960526,-0.7473232259,-0.9190000000
-0.2724086687,-0.7521924735,-0.9200000000
-0.2592382899,-0.7568325502,-0.9210000000
-0.2459889287,-0.7612420423,-0.9220000000
-0.2326646220,-0.7654196063,-0.9230000000
-0.2192694292,-0.7693639694,-0.9240000000
-0.2058074314,-0.7730739300,-0.9250000000
-0.1922827302,-0.7765483576,-0.9260000000
-0.1786994461,-0.7797861938,-0.9270000000
-0.1650617175,-0.7827864520,-0.9280000000
-0.1513736994,-0.7855482182,-0.9290000000
-0.1376395622,-0.7880706510,-0.9300000000
-0.1238634903,-0.7903529817,-0.9310000000
-0.1100496809,-0.7923945152,-0.9320000000
-0.0962023425,-0.7941946294,-0.9330000000
-0.0823256941,-0.7957527757,-0.9340000000
-0.0684239635,-0.7970684796,-0.9350000000
-0.0545013861,-0.7981413402,-0.9360000000
-0.0405622038,-0.7989710305,-0.9370000000
-0.0266106633,-0.7995572979,-0.9380000000
-0.0126510153,-0.7998999636,-0.9390000000
0.0013124870,-0.7999989234,-0.9400000000
0.0152755895,-0.7998541469,-0.9410000000
0.0292340379,-0.7994656785,-0.9420000000
0.0431835796,-0.7988336363,-0.9430000000
0.0571199645,-0.7979582130,-0.9440000000
0.0710389467,-0.7968396752,-0.9450000000
0.0849362854,-0.7954783639,-0.9460000000
0.0988077465,-0.7938746937,-0.9470000000
0.1126491037,-0.7920291531,-0.9480000000
0.1264561401,-0.7899423046,-0.9490000000
0.1402246491,-0.7876147839,-0.9500000000
0.1539504356,-0.7850473001,-0.9510000000
0.1676293181,-0.7822406354,-0.9520000000
0.1812571288,-0.7791956451,-0.9530000000
0.1948297157,-0.7759132567,-0.9540000000
0.2083429438,-0.7723944703,-0.9550000000
0.2217926960,-0.7686403580,-0.9560000000
0.2351748744,-0.7646520637,-0.9570000000
0.2484854019,-0.7604308023,-0.9580000000
0.2617202232,-0.7559778600,-0.9590000000
0.2748753061,-0.7512945934,-0.9600000000
0.2879466425,-0.7463824295,-0.9610000000
0.3009302501,-0.7412428648,-0.9620000000
0.3138221730,-0.7358774651,-0.9630000000
0.3266184836,-0.7302878653,-0.9640000000
0.3393152831,-0.7244757682,-0.9650000000
0.3519087032,-0.7184429446,-0.9660000000
0.3643949071,-0.7121912325,-0.9670000000
0.3767700906,-0.7057225367,-0.9680000000
0.3890304833,-0.6990388280,-0.9690000000
0.4011723498,-0.6921421427,-0.9700000000
0.4131919909,-0.6850345821,-0.9710000000
0.4250857446,-0.6777183115,-0.9720000000
0.4368499871,-0.6701955601,-0.9730000000
0.4484811342,-0.6624686198,-0.9740000000
0.4599756424,-0.6545398448,-0.9750000000
0.4713300095,-0.6464116507,-0.9760000000
0.4825407762,-0.6380865140,-0.9770000000
0.4936045268,-0.6295669711,-0.9780000000
0.5045178907,-0.6208556176,-0.9790000000
0.5152775429,-0.6119551077,-0.9800000000
0.5258802051,-0.6028681530,-0.9810000000
0.5363226470,-0.5935975221,-0.9820000000
0.5466016872,-0.5841460396,-0.9830000000
0.5567141940,-0.5745165848,-0.9840000000
0.5666570862,-0.5647120918,-0.9850000000
0.5764273348,-0.5547355476,-0.9860000000
0.5860219628,-0.5445899917,-0.9870000000
0.5954380472,-0.5342785153,-0.9880000000
0.6046727191,-0.5238042600,-0.9890000000
0.6137231650,-0.5131704168,-0.9900000000
0.6225866275,-0.5023802257,-0.9910000000
0.6312604062,-0.4914369742,-0.9920000000
0.6397418583,-0.4803439962,-0.9930000000
0.6480283999,-0.4691046716,-0.9940000000
0.6561175063,-0.4577224245,-0.9950000000
0.6640067130,-0.4462007228,-0.9960000000
0.6716936164,-0.4345430769,-0.9970000000
0.6791758744,-0.4227530386,-0.9980000000
0.6864512075,-0.4108341997,-0.9990000000
